	DXS6807	DXS9902	DXS6795	DXS6810	DXS10076	DXS10077	DXS10078	DXS10162	DXS10163l	DXS10164	DXS7132	DXS981	DXS6800	DXS6803	DXS6809	DXS6789	DXS6799	DXS7424	DXS101	DXS7133	GATA172D05	DXS10103	HPRTB	GATA31E08	DXS8377	DXS10147	DXS7423
6	0	0	0	0	0	0	0	0	0	0	0	0	0	0	0	0	0	0	0	0	0.077	0	0	0	0	0.333	0
7	0	0.003	0	0	0	0	0	0	0	0	0	0	0	0	0	0	0	0	0	0	0.003	0	0	0.113	0	0.097	0
8	0	0.002	0.002	0	0	0	0	0	0	0.009	0	0	0	0	0	0	0.004	0	0	0	0.113	0	0	0.015	0	0.538	0
9	0	0.007	0.023	0	0	0	0	0	0	0.015	0.001	0	0	0	0	0	0.043	0	0	0.668	0.082	0	0	0.215	0	0.033	0
10	0	0.432	0.133	0	0	0	0	0	0	0.552	0	0	0	0.004	0	0	0.144	0	0	0.273	0.398	0	0.003	0.263	0	0	0
10.3	0	0	0	0	0	0	0	0	0	0	0	0.001	0	0	0	0	0	0	0	0	0	0	0	0	0	0	0
11	0.416	0.378	0.306	0	0	0	0	0	0	0.263	0.001	0.003	0	0.172	0	0	0.566	0.001	0	0.057	0.256	0	0.048	0.301	0	0	0
11.3	0	0	0	0	0	0	0	0	0	0	0	0.002	0	0.098	0	0	0	0	0	0	0	0	0	0	0	0	0
12	0.004	0.168	0.026	0	0	0	0	0	0	0.128	0.06	0.009	0	0.152	0	0	0.209	0.018	0	0.002	0.071	0	0.276	0.079	0	0	0
12.3	0	0	0	0	0	0	0	0	0	0	0	0.049	0	0.458	0	0	0	0	0	0	0	0	0	0	0	0	0
13	0.027	0.009	0.474	0	0	0	0.002	0	0	0.033	0.195	0.1	0	0.034	0	0	0.033	0.044	0	0	0	0	0.462	0.014	0	0	0.005
13.3	0	0	0	0	0	0	0	0	0	0	0	0.156	0	0.066	0	0	0	0	0	0	0	0	0	0	0	0	0
14	0.374	0	0.035	0	0	0	0.003	0.001	0.005	0	0.343	0.178	0	0.003	0	0.002	0.002	0.154	0	0	0	0	0.149	0	0	0	0.314
14.3	0	0	0	0	0	0	0	0	0	0	0	0.225	0	0.014	0	0	0	0	0	0	0	0	0	0	0	0	0
15	0.166	0	0	0.001	0	0	0.016	0.002	0.02	0	0.306	0.094	0	0	0	0.17	0	0.317	0	0	0	0.02	0.052	0	0	0	0.621
15.3	0	0	0	0	0	0	0	0	0	0	0	0.118	0	0	0	0	0	0	0	0	0	0	0	0	0	0	0
16	0.012	0	0	0	0	0	0.07	0.049	0.169	0	0.076	0.027	0.857	0	0	0.327	0	0.401	0	0	0	0.232	0.009	0	0	0	0.06
16.3	0	0	0	0	0	0	0	0	0	0	0	0.027	0	0	0	0	0	0	0	0	0	0	0	0	0	0	0
17	0.002	0	0	0.119	0	0	0.193	0.173	0.24	0	0.017	0.003	0	0	0	0.025	0	0.047	0	0	0	0.14	0	0	0	0	0
17.2	0	0	0	0	0	0	0	0.003	0	0	0	0	0	0	0	0	0	0	0	0	0	0	0	0	0	0	0
18	0	0	0	0.553	0	0.013	0.227	0.386	0.157	0	0.001	0.006	0.003	0	0	0.001	0	0.013	0	0	0	0.198	0	0	0	0	0
19	0	0	0	0.313	0	0.005	0.232	0.273	0.265	0	0	0	0.081	0	0	0.023	0	0.004	0	0	0	0.314	0	0	0	0	0
20	0	0	0	0.015	0	0.512	0.162	0.086	0.109	0	0	0	0.001	0	0	0.164	0	0.001	0.002	0	0	0.091	0	0	0	0	0
21	0	0	0	0	0	0.464	0.079	0.023	0.024	0	0	0	0.012	0	0	0.172	0	0	0.01	0	0	0.005	0	0	0	0	0
22	0	0	0	0	0	0.006	0.016	0.003	0	0	0	0	0.046	0	0	0.078	0	0	0.044	0	0	0	0	0	0	0	0
23	0	0	0	0	0.002	0	0.001	0	0	0	0	0	0	0	0	0.031	0	0	0.133	0	0	0	0	0	0	0	0
24	0	0	0	0	0.075	0	0	0	0.001	0	0	0	0	0	0	0.006	0	0	0.288	0	0	0	0	0	0	0	0
25	0	0	0	0	0.028	0	0	0	0.001	0	0	0	0	0	0	0	0	0	0.201	0	0	0	0	0	0	0	0
26	0	0	0	0	0.078	0	0	0	0.006	0	0	0	0	0	0	0	0	0	0.182	0	0	0	0	0	0	0	0
26.2	0	0	0	0	0	0	0	0	0	0	0	0	0	0	0.005	0	0	0	0	0	0	0	0	0	0	0	0
27	0	0	0	0	0.241	0	0	0	0.001	0	0	0	0	0	0.001	0	0	0	0.093	0	0	0	0	0	0	0	0
28	0	0	0	0	0.32	0	0	0	0	0	0	0	0	0	0	0	0	0	0.029	0	0	0	0	0	0	0	0
29	0	0	0	0	0.136	0	0	0	0	0	0	0	0	0	0.001	0	0	0	0.012	0	0	0	0	0	0	0	0
30	0	0	0	0	0.072	0	0	0	0	0	0	0	0	0	0.029	0	0	0	0.005	0	0	0	0	0	0	0	0
31	0	0	0	0	0.034	0	0	0	0	0	0	0	0	0	0.157	0	0	0	0	0	0	0	0	0	0	0	0
32	0	0	0	0	0.008	0	0	0	0	0	0	0	0	0	0.182	0	0	0	0	0	0	0	0	0	0	0	0
33	0	0	0	0	0.004	0	0	0	0	0	0	0	0	0	0.293	0	0	0	0	0	0	0	0	0	0	0	0
34	0	0	0	0	0.001	0	0	0	0	0	0	0	0	0	0.195	0	0	0	0	0	0	0	0	0	0	0	0
35	0	0	0	0	0	0	0	0	0	0	0	0	0	0	0.085	0	0	0	0	0	0	0	0	0	0	0	0
36	0	0	0	0	0	0	0	0	0	0	0	0	0	0	0.034	0	0	0	0	0	0	0	0	0	0	0	0
37	0	0	0	0	0	0	0	0	0	0	0	0	0	0	0.014	0	0	0	0	0	0	0	0	0	0	0	0
38	0	0	0	0	0	0	0	0	0	0	0	0	0	0	0.003	0	0	0	0	0	0	0	0	0	0	0	0
39	0	0	0	0	0	0	0	0	0	0	0	0	0	0	0.001	0	0	0	0	0	0	0	0	0	0.001	0	0
40	0	0	0	0	0	0	0	0	0	0	0	0	0	0	0	0	0	0	0	0	0	0	0	0	0.001	0	0
41	0	0	0	0	0	0	0	0	0	0	0	0	0	0	0	0	0	0	0	0	0	0	0	0	0.003	0	0
42	0	0	0	0	0	0	0	0	0	0	0	0	0	0	0	0	0	0	0	0	0	0	0	0	0.01	0	0
43	0	0	0	0	0	0	0	0	0	0	0	0	0	0	0	0	0	0	0	0	0	0	0	0	0.029	0	0
44	0	0	0	0	0	0	0	0	0	0	0	0	0	0	0	0	0	0	0	0	0	0	0	0	0.04	0	0
45	0	0	0	0	0	0	0	0	0	0	0	0	0	0	0	0	0	0	0	0	0	0	0	0	0.066	0	0
46	0	0	0	0	0	0	0	0	0	0	0	0	0	0	0	0	0	0	0	0	0	0	0	0	0.097	0	0
47	0	0	0	0	0	0	0	0	0	0	0	0	0	0	0	0	0	0	0	0	0	0	0	0	0.125	0	0
48	0	0	0	0	0	0	0	0	0	0	0	0	0	0	0	0	0	0	0	0	0	0	0	0	0.131	0	0
49	0	0	0	0	0	0	0	0	0	0	0	0	0	0	0	0	0	0	0	0	0	0	0	0	0.143	0	0
50	0	0	0	0	0	0	0	0	0	0	0	0	0	0	0	0	0	0	0	0	0	0	0	0	0.102	0	0
51	0	0	0	0	0	0	0	0	0	0	0	0	0	0	0	0	0	0	0	0	0	0	0	0	0.087	0	0
52	0	0	0	0	0	0	0	0	0	0	0	0	0	0	0	0	0	0	0	0	0	0	0	0	0.062	0	0
53	0	0	0	0	0	0	0	0	0	0	0	0	0	0	0	0	0	0	0	0	0	0	0	0	0.041	0	0
54	0	0	0	0	0	0	0	0	0	0	0	0	0	0	0	0	0	0	0	0	0	0	0	0	0.027	0	0
55	0	0	0	0	0	0	0	0	0	0	0	0	0	0	0	0	0	0	0	0	0	0	0	0	0.016	0	0
56	0	0	0	0	0	0	0	0	0	0	0	0	0	0	0	0	0	0	0	0	0	0	0	0	0.01	0	0
57	0	0	0	0	0	0	0	0	0	0	0	0	0	0	0	0	0	0	0	0	0	0	0	0	0.005	0	0
58	0	0	0	0	0	0	0	0	0	0	0	0	0	0	0	0	0	0	0	0	0	0	0	0	0.002	0	0
59	0	0	0	0	0	0	0	0	0	0	0	0	0	0	0	0	0	0	0	0	0	0	0	0	0.001	0	0