allele	DXS6807	DXS9902	DXS6795	DXS6810	DXS10076	DXS10077	DXS10078	DXS10162	DXS10163l	DXS10164	DXS7132	DXS981	DXS6800	DXS6803	DXS6809	DXS6789	DXS6799	DXS7424	DXS101	DXS7133	GATA172D05	DXS10103	HPRTB	GATA31E08	DXS8377	DXS10147	DXS7423
6	0	0	0	0	0	0	0	0	0	0	0	0	0	0	0	0	0	0	0	0	0.077	0	0	0	0	0	0
7	0	0.003	0	0	0	0	0	0	0	0	0	0	0	0	0	0	0	0	0	0	0.08	0	0	0.113	0	0	0
8	0	0.005	0.002	0	0	0	0	0	0	0	0	0	0	0	0	0	0.004	0	0	0	0.193	0	0	0.128	0	0	0
9	0	0.012	0.025	0	0	0	0	0	0	0	0.001	0	0	0	0	0	0.047	0	0	0.668	0.275	0	0	0.343	0	0	0
10	0	0.445	0.158	0	0	0	0	0	0	0	0	0	0	0.004	0	0	0.191	0	0	0.941	0.673	0	0.003	0.606	0	0	0
10.3	0	0	0	0	0	0	0	0	0	0	0	0.001	0	0	0	0	0	0	0	0	0	0	0	0	0	0	0
11	0.415	0.823	0.464	0	0	0	0	0	0	0	0.002	0.004	0	0.176	0	0	0.756	0	0	0.998	0.929	0	0.051	0.907	0	0	0
11.3	0	0	0	0	0	0	0	0	0	0	0	0.006	0	0.274	0	0	0	0	0	0	0	0	0	0	0	0	0
12	0.419	0.991	0.49	0	0	0	0	0	0	0	0.062	0.015	0	0.426	0	0	0.965	0	0	1	1	0	0.327	0.986	0	0	0
12.3	0	0	0	0	0	0	0	0	0	0	0	0.064	0	0.883	0	0	0	0	0	0	0	0	0	0	0	0	0
13	0.446	1	0.965	0	0	0	0	0	0	0	0.257	0.164	0	0.917	0	0	0.998	0	0	0	0	0	0.79	1	0	0	0
13.3	0	0	0	0	0	0	0	0	0	0	0	0.32	0	0.983	0	0	0	0	0	0	0	0	0	0	0	0	0
14	0.82	0	1	0	0	0	0	0.001	0	0	0.6	0.499	0	0.986	0	0.002	1	0	0	0	0	0	0.939	0	0	0	0
14.3	0	0	0	0	0	0	0	0	0	0	0	0.725	0	1	0	0	0	0	0	0	0	0	0	0	0	0	0
15	0.986	0	0	0.001	0	0	0	0.003	0	0	0.906	0.819	0	0	0	0.172	0	0	0	0	0	0.02	0.991	0	0	0	0
15.3	0	0	0	0	0	0	0	0	0	0	0	0.937	0	0	0	0	0	0	0	0	0	0	0	0	0	0	0
16	0.998	0	0	0	0	0	0	0.052	0	0	0.982	0.964	0.857	0	0	0.5	0	0	0	0	0	0.252	1	0	0	0	0
16.3	0	0	0	0	0	0	0	0	0	0	0	0.991	0	0	0	0	0	0	0	0	0	0	0	0	0	0	0
17	1	0	0	0.12	0	0	0	0.225	0	0	0.999	0.994	0	0	0	0.525	0	0	0	0	0	0.392	0	0	0	0	0
17.2	0	0	0	0	0	0	0	0.228	0	0	0	0	0	0	0	0	0	0	0	0	0	0	0	0	0	0	0
18	0	0	0	0.672	0	0	0	0.615	0	0	1	1	0.86	0	0	0.526	0	0	0	0	0	0.59	0	0	0	0	0
19	0	0	0	0.985	0	0	0	0.888	0	0	0	0	0.941	0	0	0.549	0	0	0	0	0	0.904	0	0	0	0	0
20	0	0	0	1	0	0	0	0.974	0	0	0	0	0.942	0	0	0.713	0	0	0	0	0	0.995	0	0	0	0	0
21	0	0	0	0	0	0	0	0.997	0	0	0	0	0.954	0	0	0.885	0	0	0	0	0	1	0	0	0	0	0
22	0	0	0	0	0	0	0	1	0	0	0	0	1	0	0	0.963	0	0	0	0	0	0	0	0	0	0	0
23	0	0	0	0	0	0	0	0	0	0	0	0	0	0	0	0.994	0	0	0	0	0	0	0	0	0	0	0
24	0	0	0	0	0	0	0	0	0	0	0	0	0	0	0	1	0	0	0	0	0	0	0	0	0	0	0
25	0	0	0	0	0	0	0	0	0	0	0	0	0	0	0	0	0	0	0	0	0	0	0	0	0	0	0
26	0	0	0	0	0	0	0	0	0	0	0	0	0	0	0	0	0	0	0	0	0	0	0	0	0	0	0
26.2	0	0	0	0	0	0	0	0	0	0	0	0	0	0	0.005	0	0	0	0	0	0	0	0	0	0	0	0
27	0	0	0	0	0	0	0	0	0	0	0	0	0	0	0.006	0	0	0	0	0	0	0	0	0	0	0	0
28	0	0	0	0	0	0	0	0	0	0	0	0	0	0	0	0	0	0	0	0	0	0	0	0	0	0	0
29	0	0	0	0	0	0	0	0	0	0	0	0	0	0	0.007	0	0	0	0	0	0	0	0	0	0	0	0
30	0	0	0	0	0	0	0	0	0	0	0	0	0	0	0.036	0	0	0	0	0	0	0	0	0	0	0	0
31	0	0	0	0	0	0	0	0	0	0	0	0	0	0	0.193	0	0	0	0	0	0	0	0	0	0	0	0
32	0	0	0	0	0	0	0	0	0	0	0	0	0	0	0.375	0	0	0	0	0	0	0	0	0	0	0	0
33	0	0	0	0	0	0	0	0	0	0	0	0	0	0	0.668	0	0	0	0	0	0	0	0	0	0	0	0
34	0	0	0	0	0	0	0	0	0	0	0	0	0	0	0.863	0	0	0	0	0	0	0	0	0	0	0	0
35	0	0	0	0	0	0	0	0	0	0	0	0	0	0	0.948	0	0	0	0	0	0	0	0	0	0	0	0
36	0	0	0	0	0	0	0	0	0	0	0	0	0	0	0.982	0	0	0	0	0	0	0	0	0	0	0	0
37	0	0	0	0	0	0	0	0	0	0	0	0	0	0	0.996	0	0	0	0	0	0	0	0	0	0	0	0
38	0	0	0	0	0	0	0	0	0	0	0	0	0	0	0.999	0	0	0	0	0	0	0	0	0	0	0	0
39	0	0	0	0	0	0	0	0	0	0	0	0	0	0	1	0	0	0	0	0	0	0	0	0	0.001	0	0
40	0	0	0	0	0	0	0	0	0	0	0	0	0	0	0	0	0	0	0	0	0	0	0	0	0.002	0	0
41	0	0	0	0	0	0	0	0	0	0	0	0	0	0	0	0	0	0	0	0	0	0	0	0	0.005	0	0
42	0	0	0	0	0	0	0	0	0	0	0	0	0	0	0	0	0	0	0	0	0	0	0	0	0.015	0	0
43	0	0	0	0	0	0	0	0	0	0	0	0	0	0	0	0	0	0	0	0	0	0	0	0	0.044	0	0
44	0	0	0	0	0	0	0	0	0	0	0	0	0	0	0	0	0	0	0	0	0	0	0	0	0.084	0	0
45	0	0	0	0	0	0	0	0	0	0	0	0	0	0	0	0	0	0	0	0	0	0	0	0	0.15	0	0
46	0	0	0	0	0	0	0	0	0	0	0	0	0	0	0	0	0	0	0	0	0	0	0	0	0.247	0	0
47	0	0	0	0	0	0	0	0	0	0	0	0	0	0	0	0	0	0	0	0	0	0	0	0	0.372	0	0
48	0	0	0	0	0	0	0	0	0	0	0	0	0	0	0	0	0	0	0	0	0	0	0	0	0.503	0	0
49	0	0	0	0	0	0	0	0	0	0	0	0	0	0	0	0	0	0	0	0	0	0	0	0	0.647	0	0
50	0	0	0	0	0	0	0	0	0	0	0	0	0	0	0	0	0	0	0	0	0	0	0	0	0.749	0	0
51	0	0	0	0	0	0	0	0	0	0	0	0	0	0	0	0	0	0	0	0	0	0	0	0	0.836	0	0
52	0	0	0	0	0	0	0	0	0	0	0	0	0	0	0	0	0	0	0	0	0	0	0	0	0.898	0	0
53	0	0	0	0	0	0	0	0	0	0	0	0	0	0	0	0	0	0	0	0	0	0	0	0	0.939	0	0
54	0	0	0	0	0	0	0	0	0	0	0	0	0	0	0	0	0	0	0	0	0	0	0	0	0.966	0	0
55	0	0	0	0	0	0	0	0	0	0	0	0	0	0	0	0	0	0	0	0	0	0	0	0	0.982	0	0
56	0	0	0	0	0	0	0	0	0	0	0	0	0	0	0	0	0	0	0	0	0	0	0	0	0.992	0	0
57	0	0	0	0	0	0	0	0	0	0	0	0	0	0	0	0	0	0	0	0	0	0	0	0	0.997	0	0
58	0	0	0	0	0	0	0	0	0	0	0	0	0	0	0	0	0	0	0	0	0	0	0	0	0.999	0	0
59	0	0	0	0	0	0	0	0	0	0	0	0	0	0	0	0	0	0	0	0	0	0	0	0	1	0	0